0.0819720982
 0.1555575400
 0.1973032611
 0.2011776271
 0.1705370406
 0.1172547028
 0.0587393117
 0.0135829330
 -0.0030834705
 0.0166239765
 0.0713529182
 0.1508161107
 0.2383099724
 0.3148281891
 0.3637532089
 0.3749650561
 0.3473505924
 0.2890916473
 0.2156595490
 0.1460107052
 0.0979227186
 0.0836230524
 0.1067898994
 0.1616655715
 0.2345003387
 0.3069684336
 0.3607104247
 0.3818779292
 0.3645564865
 0.3122203622
 0.2368603051
 0.1560012784
 0.0883494116
 0.0491466720
 0.0463840915
 0.0788119124
 0.1362403067
 0.2020573930
 0.2573424054
 0.2855568508
 0.2766530852
 0.2295834383
 0.1525883042
 0.0611907294
 -0.0256078609
 -0.0899913159
 -0.1196997869
 -0.1110284828
 -0.0697138451
 -0.0094892265
 0.0513316351
 0.0943975377
 0.1058650901
 0.0798221522
 0.0197431964
 -0.0623823963
 -0.1490320967
 -0.2215028060
 -0.2645557640
 -0.2702029598
 -0.2396966861
 -0.1832285908
 -0.1174115045
 -0.0611661931
 -0.0310302005
 -0.0370493508
 -0.0802687793
 -0.1524450709
 -0.2380519720
 -0.3180850267
 -0.3747256502
 -0.3957126261
 -0.3773413699
 -0.3253506436
 -0.2534787917
 -0.1800477815
 -0.1234208445
 -0.0974577492
 -0.1080918822
 -0.1518753697
 -0.2168512160
 -0.2855354398
 -0.3392699602
 -0.3628677349
 -0.3483993179
 -0.2971824698
 -0.2194811702
 -0.1319873085
 -0.0537071989
 -0.0012700855
 0.0151807918
 -0.0055023007
 -0.0551831043
 -0.1184463697
 -0.1764017051
 -0.2113467907
 -0.2111379579
 -0.1721884851
 -0.1003543082
 -0.0094892265
 0.0819720982
 0.1555575400
 0.1973032611
 0.2011776271
 0.1705370406
 0.1172547028
 0.0587393117
 0.0135829330
 -0.0030834705
 0.0166239765
 0.0713529182
 0.1508161107
 0.2383099724
 0.3148281891
 0.3637532089
 0.3749650561
 0.3473505924
 0.2890916473
 0.2156595490
 0.1460107052
 0.0979227186
 0.0836230524
 0.1067898994
 0.1616655715
 0.2345003387
 0.3069684336
 0.3607104247
 0.3818779292
 0.3645564865
 0.3122203622
 0.2368603051
 0.1560012784
 0.0883494116
 0.0491466720
 0.0463840915
 0.0788119124
 0.1362403067
 0.2020573930
 0.2573424054
 0.2855568508
 0.2766530852
 0.2295834383
 0.1525883042
 0.0611907294
 -0.0256078609
 -0.0899913159
 -0.1196997869
 -0.1110284828
 -0.0697138451
 -0.0094892265
 0.0513316351
 0.0943975377
 0.1058650901
 0.0798221522
 0.0197431964
 -0.0623823963
 -0.1490320967
 -0.2215028060
 -0.2645557640
 -0.2702029598
 -0.2396966861
 -0.1832285908
 -0.1174115045
 -0.0611661931
 -0.0310302005
 -0.0370493508
 -0.0802687793
 -0.1524450709
 -0.2380519720
 -0.3180850267
 -0.3747256502
 -0.3957126261
 -0.3773413699
 -0.3253506436
 -0.2534787917
 -0.1800477815
 -0.1234208445
 -0.0974577492
 -0.1080918822
 -0.1518753697
 -0.2168512160
 -0.2855354398
 -0.3392699602
 -0.3628677349
 -0.3483993179
 -0.2971824698
 -0.2194811702
 -0.1319873085
 -0.0537071989
 -0.0012700855
 0.0151807918
 -0.0055023007
 -0.0551831043
 -0.1184463697
 -0.1764017051
 -0.2113467907
 -0.2111379579
 -0.1721884851
 -0.1003543082
 -0.0094892265
 0.0819720982
 0.1555575400
 0.1973032611
 0.2011776271
 0.1705370406
 0.1172547028
 0.0587393117
 0.0135829330
 -0.0030834705
 0.0166239765
 0.0713529182
 0.1508161107
 0.2383099724
 0.3148281891
 0.3637532089
 0.3749650561
 0.3473505924
 0.2890916473
 0.2156595490
 0.1460107052
 0.0979227186
 0.0836230524
 0.1067898994
 0.1616655715
 0.2345003387
 0.3069684336
 0.3607104247
 0.3818779292
 0.3645564865
 0.3122203622
 0.2368603051
 0.1560012784
 0.0883494116
 0.0491466720
 0.0463840915
 0.0788119124
 0.1362403067
 0.2020573930
 0.2573424054
 0.2855568508
 0.2766530852
 0.2295834383
 0.1525883042
 0.0611907294
 -0.0256078609
 -0.0899913159
 -0.1196997869
 -0.1110284828
 -0.0697138451
 -0.0094892265
 0.0513316351
 0.0943975377
 0.1058650901
 0.0798221522
 0.0197431964
 -0.0623823963
 -0.1490320967
 -0.2215028060
 -0.2645557640
 -0.2702029598
 -0.2396966861
 -0.1832285908
 -0.1174115045
 -0.0611661931
 -0.0310302005
 -0.0370493508
 -0.0802687793
 -0.1524450709
 -0.2380519720
 -0.3180850267
 -0.3747256502
 -0.3957126261
 -0.3773413699
 -0.3253506436
 -0.2534787917
 -0.1800477815
 -0.1234208445
 -0.0974577492
 -0.1080918822
 -0.1518753697
 -0.2168512160
 -0.2855354398
 -0.3392699602
 -0.3628677349
 -0.3483993179
 -0.2971824698
 -0.2194811702
 -0.1319873085
 -0.0537071989
 -0.0012700855
 0.0151807918
 -0.0055023007
 -0.0551831043
 -0.1184463697
 -0.1764017051
 -0.2113467907
 -0.2111379579
 -0.1721884851
 -0.1003543082
 -0.0094892265
 0.0819720982
 0.1555575400
 0.1973032611
 0.2011776271
 0.1705370406
 0.1172547028
 0.0587393117
 0.0135829330
 -0.0030834705
 0.0166239765
 0.0713529182
 0.1508161107
 0.2383099724
 0.3148281891
 0.3637532089
 0.3749650561
 0.3473505924
 0.2890916473
 0.2156595490
 0.1460107052
 0.0979227186
 0.0836230524
 0.1067898994
 0.1616655715
 0.2345003387
 0.3069684336
 0.3607104247
 0.3818779292
 0.3645564865
 0.3122203622
 0.2368603051
 0.1560012784
 0.0883494116
 0.0491466720
 0.0463840915
 0.0788119124
 0.1362403067
 0.2020573930
 0.2573424054
 0.2855568508
 0.2766530852
 0.2295834383
 0.1525883042
 0.0611907294
 -0.0256078609
 -0.0899913159
 -0.1196997869
 -0.1110284828
 -0.0697138451
 -0.0094892265
 0.0513316351
 0.0943975377
 0.1058650901
 0.0798221522
 0.0197431964
 -0.0623823963
 -0.1490320967
 -0.2215028060
 -0.2645557640
 -0.2702029598
 -0.2396966861
 -0.1832285908
 -0.1174115045
 -0.0611661931
 -0.0310302005
 -0.0370493508
 -0.0802687793
 -0.1524450709
 -0.2380519720
 -0.3180850267
 -0.3747256502
 -0.3957126261
 -0.3773413699
 -0.3253506436
 -0.2534787917
 -0.1800477815
 -0.1234208445
 -0.0974577492
 -0.1080918822
 -0.1518753697
 -0.2168512160
 -0.2855354398
 -0.3392699602
 -0.3628677349
 -0.3483993179
 -0.2971824698
 -0.2194811702
 -0.1319873085
 -0.0537071989
 -0.0012700855
 0.0151807918
 -0.0055023007
 -0.0551831043
 -0.1184463697
 -0.1764017051
 -0.2113467907
 -0.2111379579
 -0.1721884851
 -0.1003543082
 -0.0094892265
 0.0819720982
 0.1555575400
 0.1973032611
 0.2011776271
 0.1705370406
 0.1172547028
 0.0587393117
 0.0135829330
 -0.0030834705
 0.0166239765
 0.0713529182
 0.1508161107
 0.2383099724
 0.3148281891
 0.3637532089
 0.3749650561
 0.3473505924
 0.2890916473
 0.2156595490
 0.1460107052
 0.0979227186
 0.0836230524
 0.1067898994
 0.1616655715
 0.2345003387
 0.3069684336
 0.3607104247
 0.3818779292
 0.3645564865
 0.3122203622
 0.2368603051
 0.1560012784
 0.0883494116
 0.0491466720
 0.0463840915
 0.0788119124
 0.1362403067
 0.2020573930
 0.2573424054
 0.2855568508
 0.2766530852
 0.2295834383
 0.1525883042
 0.0611907294
 -0.0256078609
 -0.0899913159
 -0.1196997869
 -0.1110284828
 -0.0697138451
 -0.0094892265
 0.0513316351
 0.0943975377
 0.1058650901
 0.0798221522
 0.0197431964
 -0.0623823963
 -0.1490320967
 -0.2215028060
 -0.2645557640
 -0.2702029598
 -0.2396966861
 -0.1832285908
 -0.1174115045
 -0.0611661931
 -0.0310302005
 -0.0370493508
 -0.0802687793
 -0.1524450709
 -0.2380519720
 -0.3180850267
 -0.3747256502
 -0.3957126261
 -0.3773413699
 -0.3253506436
 -0.2534787917
 -0.1800477815
 -0.1234208445
 -0.0974577492
 -0.1080918822
 -0.1518753697
 -0.2168512160
 -0.2855354398
 -0.3392699602
 -0.3628677349
 -0.3483993179
 -0.2971824698
 -0.2194811702
 -0.1319873085
 -0.0537071989
 -0.0012700855
 0.0151807918
 -0.0055023007
 -0.0551831043
 -0.1184463697
 -0.1764017051
 -0.2113467907
 -0.2111379579
 -0.1721884851
 -0.1003543082
 -0.0094892265
 0.0819720982
 0.1555575400
 0.1973032611
 0.2011776271
 0.1705370406
 0.1172547028
 0.0587393117
 0.0135829330
 -0.0030834705
 0.0166239765
 0.0713529182
 0.1508161107
 0.2383099724
 0.3148281891
 0.3637532089
 0.3749650561
 0.3473505924
 0.2890916473
 0.2156595490
 0.1460107052
 0.0979227186
 0.0836230524
 0.1067898994
 0.1616655715
 0.2345003387
 0.3069684336
 0.3607104247
 0.3818779292
 0.3645564865
 0.3122203622
 0.2368603051
 0.1560012784
 0.0883494116
 0.0491466720
 0.0463840915
 0.0788119124
 0.1362403067
 0.2020573930
 0.2573424054
 0.2855568508
 0.2766530852
 0.2295834383
 0.1525883042
 0.0611907294
 -0.0256078609
 -0.0899913159
 -0.1196997869
 -0.1110284828
 -0.0697138451
 -0.0094892265
 0.0513316351
 0.0943975377
 0.1058650901
 0.0798221522
 0.0197431964
 -0.0623823963
 -0.1490320967
 -0.2215028060
 -0.2645557640
 -0.2702029598
 -0.2396966861
 -0.1832285908
 -0.1174115045
 -0.0611661931
 -0.0310302005
 -0.0370493508
 -0.0802687793
 -0.1524450709
 -0.2380519720
 -0.3180850267
 -0.3747256502
 -0.3957126261
 -0.3773413699
 -0.3253506436
 -0.2534787917
 -0.1800477815
 -0.1234208445
 -0.0974577492
 -0.1080918822
 -0.1518753697
 -0.2168512160
 -0.2855354398
 -0.3392699602
 -0.3628677349
 -0.3483993179
 -0.2971824698
 -0.2194811702
 -0.1319873085
 -0.0537071989
 -0.0012700855
 0.0151807918
 -0.0055023007
 -0.0551831043
 -0.1184463697
 -0.1764017051
 -0.2113467907
 -0.2111379579
 -0.1721884851
 -0.1003543082
 -0.0094892265
 0.0819720982
 0.1555575400
 0.1973032611
 0.2011776271
 0.1705370406
 0.1172547028
 0.0587393117
 0.0135829330
 -0.0030834705
 0.0166239765
 0.0713529182
 0.1508161107
 0.2383099724
 0.3148281891
 0.3637532089
 0.3749650561
 0.3473505924
 0.2890916473
 0.2156595490
 0.1460107052
 0.0979227186
 0.0836230524
 0.1067898994
 0.1616655715
 0.2345003387
 0.3069684336
 0.3607104247
 0.3818779292
 0.3645564865
 0.3122203622
 0.2368603051
 0.1560012784
 0.0883494116
 0.0491466720
 0.0463840915
 0.0788119124
 0.1362403067
 0.2020573930
 0.2573424054
 0.2855568508
 0.2766530852
 0.2295834383
 0.1525883042
 0.0611907294
 -0.0256078609
 -0.0899913159
 -0.1196997869
 -0.1110284828
 -0.0697138451
 -0.0094892265
 0.0513316351
 0.0943975377
 0.1058650901
 0.0798221522
 0.0197431964
 -0.0623823963
 -0.1490320967
 -0.2215028060
 -0.2645557640
 -0.2702029598
 -0.2396966861
 -0.1832285908
 -0.1174115045
 -0.0611661931
 -0.0310302005
 -0.0370493508
 -0.0802687793
 -0.1524450709
 -0.2380519720
 -0.3180850267
 -0.3747256502
 -0.3957126261
 -0.3773413699
 -0.3253506436
 -0.2534787917
 -0.1800477815
 -0.1234208445
 -0.0974577492
 -0.1080918822
 -0.1518753697
 -0.2168512160
 -0.2855354398
 -0.3392699602
 -0.3628677349
 -0.3483993179
 -0.2971824698
 -0.2194811702
 -0.1319873085
 -0.0537071989
 -0.0012700855
 0.0151807918
 -0.0055023007
 -0.0551831043
 -0.1184463697
 -0.1764017051
 -0.2113467907
 -0.2111379579
 -0.1721884851
 -0.1003543082
 -0.0094892265
 0.0819720982
 0.1555575400
 0.1973032611
 0.2011776271
 0.1705370406
 0.1172547028
 0.0587393117
 0.0135829330
 -0.0030834705
 0.0166239765
 0.0713529182
 0.1508161107
 0.2383099724
 0.3148281891
 0.3637532089
 0.3749650561
 0.3473505924
 0.2890916473
 0.2156595490
 0.1460107052
 0.0979227186
 0.0836230524
 0.1067898994
 0.1616655715
 0.2345003387
 0.3069684336
 0.3607104247
 0.3818779292
 0.3645564865
 0.3122203622
 0.2368603051
 0.1560012784
 0.0883494116
 0.0491466720
 0.0463840915
 0.0788119124
 0.1362403067
 0.2020573930
 0.2573424054
 0.2855568508
 0.2766530852
 0.2295834383
 0.1525883042
 0.0611907294
 -0.0256078609
 -0.0899913159
 -0.1196997869
 -0.1110284828
 -0.0697138451
 -0.0094892265
 0.0513316351
 0.0943975377
 0.1058650901
 0.0798221522
 0.0197431964
 -0.0623823963
 -0.1490320967
 -0.2215028060
 -0.2645557640
 -0.2702029598
 -0.2396966861
 -0.1832285908
 -0.1174115045
 -0.0611661931
 -0.0310302005
 -0.0370493508
 -0.0802687793
 -0.1524450709
 -0.2380519720
 -0.3180850267
 -0.3747256502
 -0.3957126261
 -0.3773413699
 -0.3253506436
 -0.2534787917
 -0.1800477815
 -0.1234208445
 -0.0974577492
 -0.1080918822
 -0.1518753697
 -0.2168512160
 -0.2855354398
 -0.3392699602
 -0.3628677349
 -0.3483993179
 -0.2971824698
 -0.2194811702
 -0.1319873085
 -0.0537071989
 -0.0012700855
 0.0151807918
 -0.0055023007
 -0.0551831043
 -0.1184463697
 -0.1764017051
 -0.2113467907
 -0.2111379579
 -0.1721884851
 -0.1003543082
 -0.0094892265
 0.0819720982
 0.1555575400
 0.1973032611
 0.2011776271
 0.1705370406
 0.1172547028
 0.0587393117
 0.0135829330
 -0.0030834705
 0.0166239765
 0.0713529182
 0.1508161107
 0.2383099724
 0.3148281891
 0.3637532089
 0.3749650561
 0.3473505924
 0.2890916473
 0.2156595490
 0.1460107052
 0.0979227186
 0.0836230524
 0.1067898994
 0.1616655715
 0.2345003387
 0.3069684336
 0.3607104247
 0.3818779292
 0.3645564865
 0.3122203622
 0.2368603051
 0.1560012784
 0.0883494116
 0.0491466720
 0.0463840915
 0.0788119124
 0.1362403067
 0.2020573930
 0.2573424054
 0.2855568508
 0.2766530852
 0.2295834383
 0.1525883042
 0.0611907294
 -0.0256078609
 -0.0899913159
 -0.1196997869
 -0.1110284828
 -0.0697138451
 -0.0094892265
 0.0513316351
 0.0943975377
 0.1058650901
 0.0798221522
 0.0197431964
 -0.0623823963
 -0.1490320967
 -0.2215028060
 -0.2645557640
 -0.2702029598
 -0.2396966861
 -0.1832285908
 -0.1174115045
 -0.0611661931
 -0.0310302005
 -0.0370493508
 -0.0802687793
 -0.1524450709
 -0.2380519720
 -0.3180850267
 -0.3747256502
 -0.3957126261
 -0.3773413699
 -0.3253506436
 -0.2534787917
 -0.1800477815
 -0.1234208445
 -0.0974577492
 -0.1080918822
 -0.1518753697
 -0.2168512160
 -0.2855354398
 -0.3392699602
 -0.3628677349
 -0.3483993179
 -0.2971824698
 -0.2194811702
 -0.1319873085
 -0.0537071989
 -0.0012700855
 0.0151807918
 -0.0055023007
 -0.0551831043
 -0.1184463697
 -0.1764017051
 -0.2113467907
 -0.2111379579
 -0.1721884851
 -0.1003543082
 -0.0094892265
 0.0819720982
 0.1555575400
 0.1973032611
 0.2011776271
 0.1705370406
 0.1172547028
 0.0587393117
 0.0135829330
 -0.0030834705
 0.0166239765
 0.0713529182
 0.1508161107
 0.2383099724
 0.3148281891
 0.3637532089
 0.3749650561
 0.3473505924
 0.2890916473
 0.2156595490
 0.1460107052
 0.0979227186
 0.0836230524
 0.1067898994
 0.1616655715
 0.2345003387
 0.3069684336
 0.3607104247
 0.3818779292
 0.3645564865
 0.3122203622
 0.2368603051
 0.1560012784
 0.0883494116
 0.0491466720
 0.0463840915
 0.0788119124
 0.1362403067
 0.2020573930
 0.2573424054
 0.2855568508
 0.2766530852
 0.2295834383
 0.1525883042
 0.0611907294
 -0.0256078609
 -0.0899913159
 -0.1196997869
 -0.1110284828
 -0.0697138451
 -0.0094892265
 0.0513316351
 0.0943975377
 0.1058650901
 0.0798221522
 0.0197431964
 -0.0623823963
 -0.1490320967
 -0.2215028060
 -0.2645557640
 -0.2702029598
 -0.2396966861
 -0.1832285908
 -0.1174115045
 -0.0611661931
 -0.0310302005
 -0.0370493508
 -0.0802687793
 -0.1524450709
 -0.2380519720
 -0.3180850267
 -0.3747256502
 -0.3957126261
 -0.3773413699
 -0.3253506436
 -0.2534787917
 -0.1800477815
 -0.1234208445
 -0.0974577492
 -0.1080918822
 -0.1518753697
 -0.2168512160
 -0.2855354398
 -0.3392699602
 -0.3628677349
 -0.3483993179
 -0.2971824698
 -0.2194811702
 -0.1319873085
 -0.0537071989
 -0.0012700855
 0.0151807918
 -0.0055023007
 -0.0551831043
 -0.1184463697
 -0.1764017051
 -0.2113467907
 -0.2111379579
 -0.1721884851
 -0.1003543082
 -0.0094892265
 