-14	
-108	
-101	
-88	
-95	
-120	
-142	
-128	
-110	
-85	
-85	
-131	
-176	
-194	
-162	
-144	
-108	
-82	
-42	
-66	
-131	
-190	
-196	
-66	
30	
141	
-49	
-128	
-144	
-203	
-260	
-325	
-306	
-172	
-197	
-163	
-164	
-67	
25	
150	
236	
252	
336	
463	
492	
419	
359	
271	
235	
339	
412	
530	
639	
732	
652	
599	
400	
400	
63	
-515	
-787	
-603	
-484	
-250	
-59	
134	
308	
499	
710	
995	
1219	
1529	
1449	
1155	
935	
892	
926	
839	
901	
993	
1209	
328	
-1475	
-2066	
-1989	
-2034	
-1816	
-1725	
-1752	
-1753	
-1805	
-1630	
-1347	
-1087	
-782	
-429	
-17	
360	
785	
1164	
1598	
1960	
2412	
2729	
3036	
3200	
3417	
2821	
2324	
-1198	
-2373	
-1640	
-1865	
-1095	
-753	
-173	
113	
533	
895	
1186	
1757	
576	
-2631	
-1547	
-1729	
-1012	
-579	
237	
-670	
-1980	
-1641	
-1685	
-1481	
-1231	
-1001	
-751	
-523	
-271	
-44	
188	
-95	
-433	
-838	
-951	
-716	
-599	
-334	
-108	
185	
420	
673	
-97	
-372	
-40	
11	
344	
565	
883	
1130	
1363	
219	
241	
683	
689	
1318	
1353	
2040	
-931	
-1308	
-692	
-546	
72	
675	
-1067	
-1488	
-1071	
-1162	
-762	
-559	
-215	
-126	
-674	
-324	
-337	
-109	
17	
299	
488	
608	
222	
-32	
-245	
77	
211	
568	
826	
1206	
1478	
1737	
421	
29	
259	
293	
-55	
-147	
143	
206	
499	
645	
957	
1128	
1447	
1629	
1945	
1856	
1984	
1769	
1250	
-1207	
-542	
-384	
-311	
-1118	
-1661	
-2464	
-2025	
-1835	
-1317	
-960	
-325	
154	
816	
1319	
1818	
-58	
-169	
285	
447	
983	
1424	
1853	
2456	
1685	
-1380	
-999	
-1089	
-907	
-469	
-1250	
-2111	
-1617	
-1692	
-1306	
-1111	
-773	
-510	
-544	
-1200	
-1209	
-1158	
-1145	
-717	
-546	
64	
-804	
-1634	
-859	
-961	
-396	
-147	
319	
648	
876	
472	
198	
-27	
292	
445	
785	
1033	
1352	
1606	
1861	
1281	
640	
204	
314	
373	
496	
235	
-84	
-168	
-113	
-229	
-248	
-157	
-69	
147	
379	
579	
255	
-41	
-428	
-133	
95	
230	
-129	
-50	
80	
210	
380	
510	
157	
-32	
-111	
5	
76	
35	
-95	
-36	
-16	
38	
85	
-56	
-304	
-421	
-244	
-236	
-177	
-129	
-18	
203	
-108	
-91	
-34	
-106	
-111	
-99	
-2	
73	
235	
355	
705	
779	
184	
-263	
-124	
-42	
159	
48	
-219	
-467	
-428	
-216	
-43	
159	
320	
419	
123	
-160	
-204	
-82	
-206	
-137	
-55	
53	
134	
266	
232	
79	
-8	
200	
435	
492	
191	
92	
-22	
-21	
52	
93	
255	
368	
525	
541	
425	
398	
559	
756	
365	
411	
98	
-204	
-249	
-405	
-413	
-471	
-433	
-458	
-57	
178	
-208	
-492	
-530	
-362	
-405	
-308	
-316	
-265	
-265	
-269	
-345	
-309	
-217	
-78	
87	
281	
310	
358	
341	
358	
287	
305	
112	
214	
136	
384	
-861	
-1349	
-1342	
-1354	
-1193	
-1042	
-829	
-651	
-444	
-258	
-60	
-91	
-182	
-147	
85	
163	
50	
264	
582	
867	
1200	
1695	
1111	
-1100	
-366	
-445	
-236	
-960	
-656	
-597	
-670	
-552	
-27	
378	
1072	
1669	
947	
408	
667	
132	
-95	
-520	
-827	
-1152	
-1150	
-803	
-369	
29	
545	
1178	
1610	
-270	
34	
-56	
20	
146	
537	
798	
-205	
-590	
-169	
-175	
-28	
74	
382	
567	
753	
801	
592	
304	
23	
64	
-406	
-451	
-79	
168	
567	
93	
-55	
44	
-123	
-282	
-437	
-352	
-255	
-111	
205	
519	
854	
1144	
733	
237	
-368	
-271	
-217	
-873	
-973	
-589	
-336	
77	
259	
508	
361	
81	
-56	
-209	
-317	
-238	
-376	
-550	
-722	
-803	
-523	
-340	
-11	
65	
-37	
-5	
-168	
-410	
-80	
79	
374	
615	
665	
254	
-57	
-474	
-356	
-243	
-48	
126	
379	
241	
-227	
-428	
-679	
-661	
-590	
-513	
-408	
-309	
-266	
-541	
-628	
-908	
-1107	
-881	
-770	
-582	
-473	
-333	
-199	
20	
211	
432	
613	
767	
933	
1066	
1130	
1187	
1247	
1334	
1594	
1797	
2037	
1236	
442	
-140	
-666	
-555	
-693	
-984	
-1246	
-1179	
-1050	
-920	
-743	
-809	
-850	
-860	
-863	
-873	
-868	
-885	
-537	
52	
215	
245	
580	
314	
236	
485	
589	
525	
355	
197	
199	
492	
343	
288	
432	
239	
88	
77	
-148	
-77	
-19	
75	
44	
-145	
-316	
-241	
-28	
182	
426	
439	
512	
466	
479	
193	
222	
274	
393	
504	
577	
588	
822	
797	
949	
345	
45	
-123	
-347	
-426	
-416	
-275	
-270	
74	
428	
-231	
-387	
-83	
139	
445	
27	
-697	
-796	
-251	
-135	
79	
-115	
-251	
-333	
-269	
-301	
-200	
-67	
-38	
105	
296	
344	
957	
898	
179	
-362	
-994	
-807	
-744	
-539	
-330	
-128	
31	
148	
508	
-22	
-489	
-358	
-691	
-516	
-371	
88	
632	
841	
1276	
1388	
1193	
751	
225	
-88	
-227	
74	
181	
544	
399	
45	
-82	
-185	
-20	
6	
-117	
-210	
-303	
-512	
-727	
-579	
-266	
-178	
40	
98	
137	
221	
437	
91	
-548	
-555	
-243	
-81	
250	
410	
182	
-27	
-243	
-15	
247	
482	
783	
622	
331	
-14	
-195	
-247	
-212	
-110	
50	
241	
-34	
-216	
-471	
-363	
-195	
-18	
170	
-80	
5	
230	
374	
601	
516	
432	
344	
505	
653	
683	
172	
-170	
-527	
-664	
-387	
-222	
-33	
119	
-128	
-351	
-514	
-335	
-218	
-12	
142	
70	
-63	
-120	
-322	
-346	
-91	
73	
309	
472	
603	
576	
330	
-73	
-777	
-608	
-438	
-209	
31	
350	
293	
121	
338	
317	
254	
206	
198	
174	
21	
-144	
-343	
-339	
-145	
-28	
170	
-96	
-255	
-279	
-388	
-242	
-215	
-182	
-174	
-38	
-27	
-185	
-123	
87	
343	
695	
910	
853	
760	
513	
186	
15	
-190	
-151	
-73	
21	
129	
215	
24	
-124	
-329	
-519	
-708	
-579	
-462	
-307	
-145	
-9	
-180	
-318	
-465	
-391	
-345	
-316	
-435	
-491	
-475	
-420	
-361	
-277	
-258	
-139	
-68	
507	
722	
878	
782	
765	
439	
80	
13	
-126	
-15	
30	
104	
104	
193	
205	
74	
-56	
-72	
70	
106	
147	
-9	
-159	
-187	
-7	
155	
105	
-115	
-302	
-309	
-95	
-58	
4	
20	
50	
57	
97	
134	
177	
218	
261	
302	
346	
386	
474	
393	
238	
115	
-79	
-124	
54	
27	
-250	
-566	
-630	
-591	
-413	
-68	
272	
277	
-21	
-60	
-110	
-221	
-416	
-519	
-222	
30	
79	
139	
171	
253	
323	
391	
164	
-136	
-323	
-291	
-287	
-304	
-339	
-245	
-76	
125	
376	
402	
245	
156	
-40	
-153	
-289	
-316	
-111	
94	
335	
576	
424	
143	
-7	
-135	
-270	
-341	
-357	
-396	
-402	
-488	
-480	
-406	
-407	
-351	
-187	
-57	
44	
-19	
-72	
-169	
-115	
126	
358	
654	
716	
762	
739	
628	
484	
264	
-44	
-288	
-384	
-492	
-428	
-416	
-276	
-52	
237	
426	
604	
452	
284	
126	
-54	
-275	
-423	
-175	
1	
254	
481	
641	
554	
413	
184	
-48	
-303	
-531	
-708	
-928	
-863	
-631	
-376	
87	
309	
589	
614	
385	
351	
311	
246	
19	
-198	
-158	
-15	
99	
286	
408	
563	
531	
314	
165	
-24	
-189	
-276	
-371	
-450	
-534	
-483	
-379	
-296	
-196	
-184	
-159	
-119	
-53	
2	
59	
-23	
-112	
-205	
-322	
-388	
-341	
-287	
-328	
-407	
-487	
-563	
-644	
-555	
-446	
-8	
253	
411	
644	
579	
474	
384	
385	
340	
357	
8	
-254	
-460	
-471	
-222	
-65	
164	
355	
504	
371	
280	
158	
41	
-27	
21	
44	
99	
135	
94	
58	
22	
-31	
-31	
4	
-25	
-124	
-235	
-406	
-530	
-701	
-323	
-52	
94	
328	
478	
509	
358	
342	
306	
285	
263	
168	
-5	
-212	
-365	
-310	
-297	
-280	
-237	
-266	
-308	
-366	
-357	
-308	
-193	
19	
196	
160	
129	
140	
110	
108	
92	
89	
19	
-131	
-247	
-436	
-432	
-300	
-192	
-48	
97	
168	
148	
173	
78	
-58	
-215	
-234	
60	
262	
269	
84	
-41	
-227	
-76	
31	
182	
310	
479	
459	
166	
-58	
-396	
-444	
-241	
-101	
217	
261	
121	
8	
-168	
-382	
-566	
-781	
-619	
-256	
44	
456	
783	
1103	
953	
489	
122	
-387	
-846	
-1226	
-864	
-616	
-228	
150	
477	
323	
248	
95	
227	
338	
505	
594	
519	
552	
595	
617	
593	
466	
158	
-77	
-230	
-303	
-329	
-364	
-490	
-660	
-723	
-784	
-846	
-566	
-209	
128	
381	
488	
363	
250	
158	
377	
594	
630	
370	
217	
40	
23	
-62	
-286	
-380	
-457	
-505	
-777	
-628	
-189	
189	
509	
744	
749	
562	
455	
525	
635	
731	
851	
927	
975	
929	
814	
264	
-289	
-901	
-1364	
-859	
-468	
81	
594	
823	
556	
301	
-11	
-380	
-347	
-20	
180	
633	
1013	
1122	
1107	
940	
805	
608	
508	
206	
-201	
-572	
-1021	
-1332	
-1225	
-1207	
-1006	
-762	
-548	
-489	
-405	
-291	
-176	
-141	
-98	
-50	
19	
80	
35	
-29	
-61	
-34	
-13	
76	
205	
327	
450	
577	
562	
464	
300	
107	
-4	
-33	
-69	
-101	
-201	
-188	
25	
134	
243	
266	
265	
155	
-19	
-95	
-216	
-167	
-120	
-64	
-129	
-163	
-193	
-242	
-236	
-175	
-124	
-185	
-265	
-323	
-336	
-454	
-430	
-334	
-213	
-69	
30	
3	
-93	
-89	
-150	
-164	
-238	
-323	
-421	
-457	
-397	
-349	
-258	
-172	
-20	
156	
284	
362	
354	
269	
101	
-45	
-125	
-245	
-229	
-126	
-68	
18	
93	
200	
286	
365	
311	
181	
24	
-156	
-319	
-219	
-118	
15	
153	
298	
243	
136	
102	
24	
-10	
-23	
-36	
-48	
-89	
-155	
-148	
-76	
0	
-20	
-148	
-225	
-374	
-365	
-251	
-164	
-14	
153	
302	
393	
406	
385	
329	
183	
125	
70	
-1	
-68	
-130	
-128	
-115	
-102	
-84	
-141	
-205	
-269	
-350	
-359	
-297	
-227	
18	
99	
203	
256	
199	
160	
107	
156	
198	
242	
141	
55	
-66	
-97	
-26	
16	
100	
94	
39	
0	
-66	
-99	
-109	
-115	
-131	
-168	
-199	
-104	
-10	
55	
129	
200	
199	
169	
143	
109	
128	
152	
137	
117	
97	
60	
-28	
-50	
-84	
-178	
-321	
-420	
-518	
-472	
-394	
-290	
-110	
50	
132	
157	
177	
195	
255	
331	
328	
252	
173	
45	
-85	
-190	
-229	
-304	
-277	
-227	
-174	
-121	
-126	
-129	
-80	
-26	
39	
65	
55	
50	
64	
126	
179	
243	
307	
298	
251	
216	
163	
192	
234	
282	
301	
196	
106	
-39	
-163	
-322	
-335	
-219	
-148	
-10	
11	
-53	
-101	
-126	
-143	
-129	
-104	
-71	
-18	
33	
85	
158	
239	
319	
341	
318	
213	
73	
9	
-15	
-47	
-75	
-121	
-156	
-116	
-56	
-6	
-3	
-3	
14	
46	
72	
86	
98	
124	
147	
172	
200	
256	
317	
287	
231	
105	
-1	
-11	
-36	
-53	
-83	
-52	
-7	
37	
96	
155	
205	
143	
73	
21	
-22	
-70	
-100	
-75	
-54	
-29	
-15	
0	
-1	
-6	
-11	
-10	
-3	
1	
16	
53	
86	
126	
154	
131	
102	
56	
6	
-40	
-98	
-96	
-46	
-7	
31	
45	
68	
52	
45	
18	
-2	
-29	
-28	
-17	
-6	
-5	
-17	
-22	
-36	
-32	
-7	
14	
41	
65	
63	
52	
6	
-45	
-76	
-64	
-65	
-107	
-161	
-174	
-117	
-70	
-36	
-25	
-2	
4	
36	
82	
115	
70	
38	
-10	
-25	
-34	
-41	
-45	
-65	
-120	
-117	
-108	
-98	
-81	
-76	
-110	
-138	
-166	
-144	
-130	
-111	
-108	
-98	
-98	
-63	
-2	
54	
110	
152	
197	
170	
140	
103	
64	
10	
-67	
-105	
-122	
-138	
-166	
-215	
-269	
-274	
-217	
-178	
-116	
-61	
0	
54	
99	
144	
187	
232	
262	
255	
227	
171	
127	
54	
-47	
-149	
-210	
-254	
-252	
-245	
-226	
-179	
-136	
-82	
-14	
44	
89	
97	
100	
100	
104	
136	
121	
100	
72	
19	
-28	
-83	
-131	
-190	
-194	
-139	
-100	
-44	
-44	
-40	
-45	
-49	
-39	
-21	
-22	
-16	
-16	
-12	
-12	
28	
68	
115	
96	
56	
17	
-31	
-78	
-92	
-92	
-95	
-92	
-86	
-52	
-22	
14	
38	
34	
34	
29	
40	
54	
67	
85	
87	
77	
70	
61	
75	
87	
102	
111	
90	
75	
53	
62	
79	
97	
118	
135	
105	
77	
44	
12	
-21	
-42	
-68	
-87	
-120	
-159	
-198	
-233	
-258	
-270	
-278	
-287	
-278	
-270	
-258	
-251	
-219	
-173	
-129	
-109	
-105	
-95	
-91	
-72	
-59	
-40	
-23	
18	
35	
42	
48	
43	
43	
38	
36	
32	
47	
63	
85	
110	
134	
160	
181	
173	
168	
159	
147	
108	
68	
32	
9	
19	
28	
40	
54	
69	
95	
117	
143	
143	
125	
122	
124	
126	
130	
133	
106	
79	
46	
20	
5	
-11	
-25	
-11	
18	
43	
76	
103	
133	
101	
62	
18	
-27	
-80	
-89	
-54	
-30	
6	
12	
22	
27	
32	
48	
69	
89	
112	
133	
140	
137	
140	
135	
139	
102	
30	
-32	
-63	
-85	
-112	
-157	
-197	
-188	
-182	
-170	
-156	
-142	
-129	
-125	
-120	
-116	
-114	
-106	
-64	
-21	
2	
-4	
-4	
-14	
-19	
-8	
11	
27	
50	
53	
42	
30	
11	
-5	
-24	
-20	
-7	
4	
19	
33	
48	
57	
65	
74	
81	
91	
127	
169	
144	
105	
70	
35	
2	
-32	
-64	
-95	
-91	
-83	
-73	
-51	
-30	
-4	
33	
52	
44	
40	
30	
20	
10	
1	
-10	
-14	
2	
16	
30	
23	
16	
16	
26	
32	
45	
46	
21	
-3	
-30	
-60	
-87	
-116	
-107	
-94	
-78	
-68	
-63	
-57	
-50	
-41	
-33	
-24	
-14	
-5	
4	
13	
21	
1	
-18	
-40	
-64	
-87	
-110	
-129	
-151	
-165	
-174	
-184	
-194	
-202	
-213	
-198	
-173	
-135	
-65	
-14	
20	
55	
82	
89	
102	
93	
80	
61	
33	
3	
-24	
-57	
-45	
-13	
13	
33	
48	
54	
58	
62	
65	
69	
72	
75	
77	
73	
69	
64	
58	
54	
48	
61	
79	
96	
114	
126	
139	
131	
123	
114	
103	
87	
72	
56	
40	
24	
7	
4	
8	
9	
23	
42	
52	
61	
72	
79	
89	
95	
95	
93	
89	
25	
0	
-5	
-20	
-24	
-33	
-48	
-64	
-80	
-97	
-114	
-128	
-106	
-89	
-66	
-43	
-19	
-11	
-9	
-5	
-4	
5	
14	
24	
35	
43	
44	
39	
13	
-8	
-36	
-47	
-55	
-62	
-68	
-73	
-80	
-75	
-64	
-28	
5	
46	
65	
60	
60	
54	
49	
44	
39	
29	
0	
-26	
-52	
-42	
-37	
-25	
-15	
-2	
2	
0	
-1	
-4	
-7	
-6	
-1	
3	
7	
-1	
-7	
-15	
-24	
-29	
-28	
-28	
-25	
-24	
-21	
-27	
-44	
-58	
-76	
-84	
-82	
-83	
-75	
-50	
-28	
-2	
18	
18	
21	
21	
21	
31	
43	
49	
49	
49	
48	
47	
52	
67	
79	
95	
97	
96	
96	
93	
91	
89	
87	
84	
82	
80	
77	
62	
47	
35	
36	
34	
35	
36	
32	
19	
15	
14	
12	
12	
11	
0	
-10	
-20	
-25	
-29	
-33	
-37	
-48	
-63	
-77	
-92	
-107	
-122	
-138	
-143	
-120	
-103	
-78	
-67	
-63	
-58	
-56	
-53	
-50	
-48	
-45	
-42	
-39	
-31	
-26	
-11	
10	
31	
46	
48	
54	
55	
63	
84	
101	
84	
71	
53	
33	
28	
29	
28	
27	
12	
-1	
-10	
-11	
-16	
-15	
-31	
-68	
-99	
-102	
-105	
-106	
-99	
-89	
-79	
-74	
-72	
-68	
-67	
-63	
-40	
-13	
13	
43	
71	
99	
86	
63	
41	
13	
-14	
-35	
-37	
-44	
-46	
-49	
-51	
-54	
-56	
-58	
-46	
-29	
-13	
7	
17	
19	
25	
25	
35	
50	
64	
80	
94	
97	
102	
105	
108	
110	
104	
99	
93	
86	
79	
72	
63	
55	
46	
38	
31	
27	
21	
17	
12	
7	
3	
8	
13	
19	
22	
9	
-3	
-17	
-31	
-47	
-53	
-48	
-43	
-38	
-25	
-9	
7	
17	
22	
35	
61	
83	
112	
107	
87	
71	
47	
27	
4	
-16	
-24	
-33	
-46	
-69	
-84	
-88	
-93	
-95	
-97	
-99	
-101	
-102	
-98	
-95	
-90	
-87	
-89	
-91	
-93	
-96	
-97	
-88	
-81	
-71	
-68	
-68	
-67	
-67	
-66	
-66	
-64	
-56	
-50	
-43	
-34	
-23	
-13	
-2	
10	
17	
9	
3	
-5	
-14	
-7	
6	
16	
13	
12	
8	
5	
0	
2	
9	
14	
21	
22	
10	
0	
-12	
-24	
-24	
-19	
-16	
-18	
-22	
-27	
-30	
-26	
-22	
-22	
-32	
-41	
-51	
-46	
-43	
-38	
-32	
-26	
-20	
-19	
-18	
-15	
13	
41	
67	
70	
76	
78	
80	
81	
84	
78	
61	
48	
31	
29	
30	
32	
35	
37	
24	
7	
-8	
-28	
-35	
-22	
-13	
1	
3	
1	
-1	
-5	
-8	
-11	
-15	
-12	
-8	
-4	
1	
5	
8	
8	
9	
10	
22	
33	
46	
59	
72	
79	
62	
50	
32	
16	
-4	
0	
30	
52	
87	
82	
31	
-2	
-62	
-28	
58	
130	
221	
185	
94	
91	
77	
90	
16	
-84	
-200	
-148	
-7	
107	
99	
48	
3	
-69	
-107	
-15	
69	
138	
67	
20	
35	
90	
86	
52	
24	
16	
13	
-11	
-34	
-67	
-54	
-20	
14	
48	
97	
58	
-48	
-119	
-95	
-60	
-24	
32	
38	
14	
-1	
-7	
6	
10	
24	
13	
4	
-8	
-27	
-55	
-84	
-93	
-61	
-36	
-2	
33	
37	
-14	
-45	
-103	
-77	
-23	
31	
41	
26	
13	
15	
61	
73	
74	
76	
73	
71	
57	
38	
21	
-2	
-33	
-64	
-68	
-51	
-54	
-54	
-57	
-33	
0	
33	
70	
96	
85	
80	
68	
75	
77	
85	
61	
37	
7	
-1	
4	
5	
-10	
-29	
-46	
-69	
-65	
-44	
-28	
-7	
-23	
-33	
-51	
-60	
-56	
-54	
-50	
-66	
-91	
-114	
-140	
-138	
-140	
-121	
-96	